113
110
108
109
114
104
108
97
103
122
116
113
110
114
114
119
108
114
122
102
104
98
108
120
117
110
107
115
101
115
99
110
117
98
108
98
97
97
98
110
120
119
120
106
118
103
113
122
112
100
97
98
116
110
121
107
105
97
122
101
101
97
103
97
102
109
113
115
112
106
110
116
113
112
111
118
99
115
122
118
101
98
115
105
102
117
115
113
100
102
97
104
100
119
101
120
113
98
100
98
105
116
107
107
112
107
122
105
115
120
105
98
105
110
112
107
100
113
104
110
113
120
112
110
108
105
111
122
114
122
111
110
99
103
119
104
117
112
110
111
97
99
99
109
119
108
117
117
113
111
103
122
111
119
102
112
106
101
118
114
97
112
98
104
100
103
101
104
119
114
98
113
97
100
101
105
122
106
107
111
119
104
107
110
112
117
120
101
100
117
100
121
116
111
102
103
99
108
116
113
110
122
97
109
116
109
108
117
102
102
101
97
107
106
104
120
104
109
119
119
101
116
118
103
104
110
100
104
121
98
101
103
120
118
102
107
104
121
118
111
120
116
108
108
122
118
121
105
98
110
121
104
111
103
98
98
97
119
104
115
108
107
118
105
105
101
105
120
121
108
111
122
112
117
98
108
109
111
98
110
114
119
117
118
119
106
109
108
113
115
121
101
110
106
103
106
105
107
108
115
112
120
112
103
122
120
97
100
122
107
102
111
117
120
119
121
101
117
110
117
111
107
108
109
107
113
105
108
121
118
117
101
106
114
107
116
119
110
122
120
108
117
104
109
117
114
121
108
105
111
112
97
108
120
100
98
106
116
103
103
122
105
119
115
107
122
117
99
107
118
99
105
103
115
108
104
97
107
119
109
107
110
118
122
109
113
104
105
107
112
100
104
99
118
118
119
103
113
105
116
117
110
101
99
101
115
98
108
97
103
107
99
114
107
117
97
99
113
107
110
109
99
107
103
108
110
120
100
122
106
113
110
98
104
100
114
116
100
122
101
102
102
110
119
105
115
114
115
116
116
113
113
114
106
122
114
101
105
105
108
99
113
104
121
122
117
110
117
109
122
101
109
117
110
115
122
97
109
112
100
110
102
116
118
122
112
104
97
116
97
106
115
102
111
114
122
111
118
108
104
118
108
106
97
116
97
117
103
101
111
102
102
119
110
116
117
120
118
115
108
117
104
111
111
106
110
100
98
105
118
117
109
119
102
102
109
105
121
118
115
122
118
111
103
97
109
111
111
117
109
101
117
122
121
111
111
104
103
115
104
110
110
107
101
116
116
109
99
109
121
104
103
101
99
102
115
103
107
102
112
119
108
103
114
109
117
110
108
99
121
111
122
116
117
119
113
97
119
115
109
97
106
109
111
108
117
111
113
116
119
119
121
102
100
97
121
100
103
112
113
102
97
101
103
111
121
106
106
107
111
118
112
109
111
106
106
122
101
106
111
103
104
108
116
99
101
118
104
108
114
121
104
109
118
106
101
118
101
116
102
113
100
105
100
109
121
103
118
101
118
116
111
109
102
106
101
114
120
114
104
108
112
109
99
111
111
98
118
115
100
97
116
119
109
110
97
110
113
104
106
113
103
102
115
109
109
112
100
113
107
102
106
97
110
112
117
113
114
113
97
109
121
118
122
121
116
122
102
116
99
114
108
109
115
121
111
103
116
115
119
107
119
97
108
105
110
102
114
101
105
104
116
100
106
110
99
102
101
111
113
98
101
108
119
119
108
109
102
115
110
116
103
109
118
118
109
111
112
103
107
102
101
119
105
113
104
98
119
108
100
99
116
106
105
108
101
118
98
111
122
120
119
112
111
122
97
104
106
121
122
97
100
114
109
114
114
120
103
111
115
98
107
122
117
110
103
108
108
100
103
100
107
107
101
102
113
109
105
119
103
120
116
99
117
97
104
97
114
117
111
120
112
110
97
110
116
116
103
113
100
113
111
119
101
122
101
119
122
98
122
122
115
115
113
108
114
102
122
104
121
109
107
112
115
102
117
120
106
102
119
103
105
119
113
112
113
108
105
110
106
116
122
107
115
99
102
113
104
117
98
121
117
118
102
119
118
100
113
97
107
122
106
114
101
116
113
102
101
98
105
116
111
97
121
99
102
103
107
111
105
102
103
106
112
108
110
98
109
107
116
119
102
120
97
107
112
110
119
118
105
116
119
114
105
111
119
116
112
99
115
97
102
114
113
103
98
109
115
103
116
108
105
100
110
107
98
115
104
102
112
98
117
116
120
99
116
112
112
106
97
