76
77
113
111
52
122
97
87
50
120
51
103
79
99
86
101
90
80
122
57
65
110
108
115
120
82
97
97
98
84
69
105
53
57
71
53
79
66
52
74
48
87
73
101
88
110
110
52
84
52
114
52
81
48
49
117
77
110
107
118
75
121
74
98
106
97
97
101
121
80
88
83
48
103
68
89
105
65
107
53
111
79
74
108
86
52
70
99
98
83
65
74
103
116
120
87
100
89
67
105
107
55
117
83
51
67
50
79
115
53
117
120
121
72
51
74
110
81
101
107
113
57
53
107
72
52
81
110
77
106
66
120
90
89
98
122
88
101
77
77
98
89
70
86
56
88
84
107
113
67
109
70
104
105
55
70
106
101
102
116
65
111
120
113
81
80
98
87
72
78
68
73
113
85
120
116
84
100
76
89
70
120
109
75
110
75
66
103
80
76
56
75
68
67
54
108
87
100
120
103
101
117
106
117
98
77
106
102
68
83
122
100
69
116
50
71
80
53
110
117
103
108
75
67
115
49
102
57
117
98
104
99
53
86
103
119
76
49
102
54
82
89
72
73
97
110
116
122
115
86
85
82
82
79
105
57
82
81
118
73
101
79
79
66
113
48
77
56
105
70
101
102
67
108
115
52
114
66
98
107
54
85
108
74
48
118
51
109
75
49
65
98
121
82
57
109
56
87
98
115
81
120
121
76
83
90
48
70
111
121
81
109
113
51
112
115
53
113
109
69
80
75
85
82
122
71
117
100
53
119
57
88
83
116
80
117
121
83
72
50
117
109
108
52
110
48
82
114
55
73
80
74
70
104
87
105
119
48
71
117
84
81
85
78
116
71
100
80
55
115
117
81
76
81
120
105
87
56
118
53
119
67
56
73
120
116
54
88
68
69
102
122
118
107
110
70
75
54
97
106
119
69
76
73
66
68
110
51
75
72
90
67
106
111
74
112
89
103
100
120
104
56
67
67
122
74
49
66
66
48
82
49
67
52
99
53
87
103
111
87
53
114
110
118
50
113
105
75
103
82
107
104
90
84
108
49
80
52
77
106
114
90
102
76
56
70
76
66
73
74
102
77
110
113
86
105
54
70
121
74
113
71
115
119
80
70
72
105
100
80
99
82
85
65
68
53
89
120
99
80
85
55
97
87
82
111
67
98
50
98
56
114
108
90
86
86
119
70
68
90
70
102
88
117
101
69
114
76
97
82
84
56
75
54
99
49
100
106
66
73
104
50
71
55
89
50
57
103
75
105
110
74
120
84
108
110
67
97
107
97
85
109
73
72
75
83
86
117
103
113
72
66
120
52
50
77
109
99
67
88
105
110
109
57
75
84
116
50
107
118
120
122
77
48
71
87
72
100
112
50
121
55
84
122
105
111
53
80
119
57
85
68
122
97
108
57
82
87
90
48
48
52
98
86
90
67
72
115
98
112
48
111
117
99
89
102
116
105
110
113
81
51
117
67
97
103
71
103
122
50
81
118
120
56
98
70
54
49
102
78
88
73
115
113
107
98
121
85
106
120
81
69
89
97
82
49
109
53
52
71
103
88
50
49
101
87
90
71
86
87
82
97
70
112
68
57
57
76
99
116
69
119
112
89
75
56
88
101
112
88
81
82
121
101
49
57
85
73
98
111
76
87
122
109
116
119
86
82
110
48
90
69
83
55
120
97
117
113
78
103
82
111
103
120
118
51
98
115
84
111
106
89
117
114
72
85
75
72
57
49
71
83
77
66
66
115
52
115
100
71
89
111
73
66
106
86
79
48
55
69
70
108
88
68
52
98
87
88
68
48
53
77
68
75
122
49
65
72
103
54
110
72
89
113
120
114
104
56
48
79
71
80
66
90
50
121
78
77
89
121
122
113
52
109
70
106
85
121
101
101
103
54
106
74
65
86
79
114
119
100
121
120
112
107
80
78
121
51
55
80
108
100
48
88
98
51
57
81
86
80
113
75
103
86
101
78
109
118
111
75
53
110
97
87
79
75
101
111
79
48
114
83
111
120
82
88
65
111
113
102
121
116
109
49
99
110
70
66
57
65
108
121
67
69
53
105
115
90
55
114
77
66
81
70
98
100
99
88
73
52
102
102
87
57
48
48
48
57
65
54
68
106
90
122
65
119
122
55
109
109
110
50
78
115
53
121
85
99
77
55
54
101
80
120
117
122
79
90
89
55
55
114
48
109
90
109
48
54
119
76
115
67
75
104
67
73
101
117
70
117
108
105
74
70
48
122
83
77
66
50
84
109
112
114
87
67
110
68
85
109
