81
75
75
71
122
113
66
75
78
87
78
66
121
116
108
103
80
75
119
68
99
70
69
118
118
72
88
65
109
88
80
118
70
117
87
65
121
72
74
73
97
107
68
105
121
79
107
68
116
83
100
71
74
103
80
68
110
73
90
65
69
65
90
118
118
90
121
68
97
73
86
67
76
119
76
72
117
81
120
78
110
107
105
66
83
66
85
66
90
82
102
104
70
83
87
89
86
85
85
120
71
119
79
102
113
112
78
80
98
87
83
120
122
97
112
102
97
85
117
103
73
72
89
115
102
65
85
78
86
117
100
80
114
75
102
72
112
105
108
106
88
104
110
118
114
100
105
98
102
97
81
84
116
121
67
68
85
112
85
89
73
121
118
70
100
70
73
69
71
79
105
70
84
99
70
101
66
65
68
99
76
101
90
88
88
75
65
84
78
107
114
65
112
114
69
69
89
89
110
89
68
101
100
75
72
73
116
79
66
67
74
71
121
108
118
107
80
73
103
65
87
113
117
111
89
88
85
105
69
84
113
68
67
111
86
106
87
121
78
79
87
115
101
122
89
120
71
112
84
114
109
68
112
67
74
112
115
80
104
75
107
110
88
85
84
87
74
83
84
121
119
114
67
86
101
111
77
75
105
113
69
84
106
71
82
67
80
99
103
74
88
68
104
66
101
100
117
74
119
87
119
106
110
90
70
98
70
118
82
101
112
77
121
90
114
72
67
73
78
67
69
104
98
101
75
71
65
72
88
90
114
111
114
77
118
76
106
66
97
87
70
113
108
122
100
110
103
69
106
74
111
105
100
109
101
80
70
76
66
90
113
97
116
76
81
78
99
87
66
107
85
67
76
75
67
87
82
98
108
104
97
88
86
82
109
113
112
68
81
67
107
72
88
117
87
81
99
97
88
101
86
90
121
117
76
85
65
107
65
105
102
83
99
73
82
99
77
102
90
100
67
85
114
116
73
112
110
102
122
86
112
114
79
84
78
103
86
118
102
74
80
120
83
71
90
83
102
80
73
114
116
100
80
83
116
87
82
116
81
102
98
86
98
121
121
67
108
109
79
73
80
88
115
69
67
87
118
72
98
108
76
114
67
87
72
100
73
71
77
74
117
71
73
81
90
71
102
71
100
87
106
79
74
113
107
111
75
78
70
76
109
101
66
122
83
86
76
86
81
84
121
76
71
82
65
74
73
73
66
87
88
122
89
106
83
65
66
87
66
105
67
101
122
76
70
119
90
120
90
67
100
70
74
112
77
111
117
65
85
73
116
83
105
110
109
78
107
84
86
70
100
101
120
120
112
116
121
66
90
81
68
118
103
98
120
81
111
87
104
101
122
119
119
111
83
71
88
111
88
79
78
111
65
79
72
67
109
80
121
90
66
101
112
100
78
110
87
65
88
111
68
103
83
122
68
77
86
114
90
79
109
79
73
68
67
68
101
69
102
88
111
118
67
76
84
101
72
103
107
78
73
118
119
77
121
107
113
99
113
66
75
83
78
74
71
80
75
88
121
101
119
103
85
81
69
67
105
100
66
87
66
98
69
97
78
86
104
105
85
108
108
74
71
81
76
110
112
105
107
71
84
122
71
112
70
72
101
76
113
90
104
86
107
101
77
101
100
112
114
102
65
118
116
110
70
74
71
70
102
68
97
88
69
72
84
69
76
78
66
121
116
106
100
90
98
99
65
80
110
105
73
110
81
105
80
70
89
103
79
121
109
71
108
73
107
67
89
97
78
87
86
66
71
84
75
79
111
77
90
99
82
65
90
66
81
116
115
74
84
112
74
100
74
82
105
79
102
89
121
80
110
86
86
110
98
67
65
110
82
83
71
99
103
80
67
109
118
86
103
100
68
109
119
103
77
89
80
118
83
74
107
70
120
111
88
67
112
67
116
68
108
111
69
83
78
73
81
119
117
71
67
100
113
100
78
66
86
70
105
120
100
70
118
73
115
115
79
83
105
100
86
74
74
84
122
86
76
69
103
100
114
97
104
70
77
114
69
107
109
76
104
88
118
109
69
80
120
70
81
90
75
120
115
98
119
86
122
121
70
65
101
109
117
83
84
122
89
80
68
118
90
66
70
98
97
118
65
68
86
65
69
75
83
107
100
75
119
108
84
106
117
74
86
73
74
101
98
97
90
112
113
72
106
98
113
77
70
69
82
113
102
87
101
108
84
86
108
98
111
76
98
66
79
72
103
113
78
98
114
74
112
120
79
122
72
114
97
73
106
87
82
109
69
79
80
76
73
99
72
116
