123
51
51
111
108
89
74
52
50
112
42
50
40
48
68
97
106
67
64
59
73
102
98
66
79
120
101
69
120
69
102
109
71
106
123
108
40
73
125
110
101
122
37
49
43
84
103
74
92
87
103
88
46
98
104
51
77
66
69
100
105
67
95
110
47
52
59
124
102
98
77
91
96
62
102
73
124
62
58
67
106
34
84
50
34
114
124
63
60
46
38
53
103
109
113
35
113
123
94
119
113
102
117
80
120
111
35
35
64
64
87
74
46
114
72
66
43
119
71
62
86
91
38
116
95
118
63
67
91
86
55
119
39
110
121
61
59
86
107
49
107
89
123
99
36
112
118
82
68
75
82
108
118
52
97
63
99
65
52
120
52
59
93
90
75
122
113
117
118
63
53
109
37
105
97
47
34
92
33
85
40
68
125
58
34
92
43
101
51
75
104
73
72
68
43
125
94
119
116
90
46
98
51
65
61
36
86
116
115
94
104
70
85
92
79
34
40
92
67
74
93
108
92
35
117
73
111
92
51
83
100
107
73
54
37
95
120
53
116
94
36
40
78
111
47
40
120
69
69
95
106
79
34
110
57
66
121
37
100
43
38
53
65
94
92
108
74
72
69
46
77
66
125
41
112
93
75
93
116
58
52
34
75
84
57
114
95
116
103
89
47
99
82
103
39
75
76
74
92
84
62
50
37
45
54
68
79
117
103
101
54
112
117
42
46
34
40
63
73
75
113
81
51
72
63
65
107
107
58
46
118
38
125
48
111
71
56
114
104
83
101
117
36
88
63
38
62
76
125
50
117
124
107
83
123
42
116
117
90
60
36
44
57
33
123
72
74
75
113
109
99
54
80
107
108
76
69
86
77
59
86
102
98
95
35
70
59
124
34
84
83
70
89
56
64
106
123
49
118
120
103
120
67
70
102
56
115
71
125
116
103
82
124
84
74
50
48
101
80
62
92
74
88
82
50
105
97
99
39
44
49
118
59
33
57
93
51
99
37
49
42
50
98
45
105
93
97
58
66
45
104
70
125
107
42
73
44
50
47
94
36
59
82
33
88
84
48
56
70
124
81
50
46
43
70
57
116
38
55
81
35
88
57
102
117
47
52
109
111
78
92
53
40
42
89
107
112
120
44
38
91
34
39
113
94
90
105
120
125
76
86
75
104
44
120
81
71
121
96
49
48
87
122
114
94
103
72
85
113
83
99
81
44
46
78
39
42
125
46
33
118
56
87
106
82
87
67
61
85
59
123
120
101
35
48
85
97
112
101
45
112
58
85
39
84
78
53
115
33
57
40
52
79
93
84
35
40
117
117
33
86
120
78
109
110
115
115
75
120
49
97
42
82
67
39
93
100
88
58
86
67
92
76
90
87
59
72
53
92
68
38
43
43
98
48
74
62
35
40
120
96
111
90
56
69
67
78
91
85
66
72
108
55
73
112
58
64
112
54
38
114
65
42
41
116
114
54
50
117
77
125
119
86
89
50
56
61
67
45
106
63
51
90
53
90
42
123
40
102
42
112
46
39
35
35
46
85
40
56
61
93
46
64
65
113
81
103
82
60
81
118
100
36
72
93
37
85
81
89
120
67
39
34
84
79
99
88
47
101
57
73
62
98
107
101
120
100
102
121
79
90
109
43
70
55
122
35
52
85
88
94
49
73
83
76
93
51
42
111
115
67
35
52
86
61
51
74
57
122
90
83
123
37
40
64
125
122
51
55
77
48
40
77
47
37
106
81
41
112
118
86
74
65
44
120
49
36
87
60
120
117
39
84
110
75
50
114
123
117
52
42
36
113
89
72
48
106
83
104
51
125
111
68
124
63
56
35
36
61
65
115
56
83
50
90
121
92
91
45
72
121
43
71
47
49
38
98
90
72
49
34
76
70
89
96
95
107
45
52
60
42
122
37
109
119
36
86
67
64
53
71
93
107
102
121
52
37
39
73
69
122
57
88
65
112
67
51
116
77
100
38
115
125
52
81
97
114
109
62
102
84
44
122
123
36
89
85
119
78
118
123
79
123
51
104
67
33
66
80
99
112
109
109
73
68
89
119
87
108
49
119
35
46
42
51
114
59
124
93
112
70
82
80
125
35
56
81
66
88
103
124
86
35
108
74
65
122
39
123
69
119
107
36
64
88
36
53
56
95
66
103
43
102
109
113
39
85
105
79
37
114
109
117
57
112
99
111
52
82
118
113
125
91
59
68
52
42
94
89
39
87
42
87
68
114
58
87
81
112
92
57
113
60
57
115
43
53
76
79
66
