70
68
87
86
81
90
76
83
78
86
66
90
90
77
81
77
70
83
90
84
75
70
86
72
88
69
68
86
69
75
89
69
65
90
89
65
75
73
73
84
81
83
88
79
75
87
79
69
77
85
84
81
86
67
69
79
76
73
72
82
81
84
76
76
65
73
86
82
69
72
82
67
82
78
80
67
89
85
85
88
72
71
68
66
67
84
80
67
88
90
90
78
69
86
74
70
79
73
84
72
72
88
68
76
86
89
81
74
74
87
88
85
80
67
67
75
67
84
81
71
86
80
86
67
79
81
75
83
81
84
81
87
67
89
83
83
84
79
81
76
71
88
73
74
78
80
66
74
71
80
72
83
76
71
76
76
76
69
78
69
70
70
65
67
74
65
65
89
72
68
74
76
76
75
73
72
73
73
74
76
83
69
83
88
86
75
68
74
85
85
70
88
87
83
88
76
69
74
90
76
69
89
67
80
74
80
84
67
76
74
85
81
81
70
85
86
76
90
85
87
77
75
66
87
73
85
69
78
82
68
83
90
71
74
69
78
66
71
75
81
65
85
81
81
84
70
77
85
87
84
65
68
67
80
80
77
85
71
88
89
75
68
83
80
84
65
81
79
85
69
74
72
79
75
77
69
70
85
83
88
81
81
84
85
71
68
76
84
89
89
70
68
82
71
73
72
89
85
82
85
86
86
85
80
82
85
90
75
81
87
72
75
83
85
85
66
88
77
79
73
86
90
72
80
70
86
70
69
65
72
76
86
76
66
89
72
81
78
68
90
78
72
71
74
86
79
84
76
88
68
90
72
73
89
78
70
74
80
75
87
69
80
66
68
67
69
72
76
74
79
74
87
82
90
74
85
68
81
73
85
65
75
77
84
76
82
67
70
89
78
74
65
88
66
68
78
65
74
89
85
73
68
80
87
69
85
65
82
76
86
81
68
89
70
85
66
74
89
84
86
90
73
79
68
82
79
90
65
66
72
79
78
78
80
79
66
73
66
66
81
67
84
89
73
84
79
88
88
72
88
82
82
70
80
87
86
84
89
85
81
78
84
66
65
75
86
78
82
68
70
69
79
85
88
79
78
81
84
79
89
90
89
87
67
70
66
81
90
75
82
74
87
78
90
68
70
79
79
65
66
82
83
75
79
69
88
69
68
79
69
74
82
87
85
78
88
76
68
87
77
66
83
84
67
78
87
75
85
69
69
68
70
69
67
90
70
83
68
65
86
80
73
78
71
77
66
88
72
84
83
77
65
68
86
76
70
66
77
75
65
68
85
86
68
86
78
72
66
67
78
86
69
71
89
77
90
83
80
70
66
66
89
67
69
83
86
79
88
83
66
73
81
65
72
74
84
73
69
68
73
82
79
81
89
67
77
74
85
90
78
88
90
76
89
88
85
84
76
79
83
77
65
74
89
80
65
79
88
72
76
72
86
66
80
88
71
80
85
86
89
89
72
72
81
68
88
82
77
75
68
87
77
69
70
69
70
79
75
77
85
71
89
72
73
74
77
68
78
74
70
69
69
90
67
90
69
66
66
77
82
81
70
67
75
71
81
80
76
73
65
70
76
77
85
77
87
69
71
74
65
77
80
82
89
80
75
71
83
79
84
90
79
68
77
72
81
87
68
78
69
73
84
68
79
80
77
69
79
68
70
70
71
69
87
70
89
75
88
90
80
74
77
80
75
70
82
77
86
90
81
69
82
72
72
68
79
89
79
75
79
84
73
67
69
80
82
66
88
65
79
75
68
82
82
80
73
76
78
76
82
66
74
83
75
65
65
73
89
77
90
77
73
71
81
78
90
68
78
90
81
75
90
79
81
83
74
74
89
68
86
88
73
82
77
81
81
71
83
87
87
89
73
68
90
88
68
87
82
81
82
81
73
75
66
82
78
77
68
70
80
66
67
83
84
80
87
65
72
88
66
70
86
89
78
83
69
76
87
74
84
68
87
66
65
78
88
65
83
77
77
72
83
87
89
76
87
69
70
82
72
75
66
69
89
85
83
86
90
85
67
70
87
84
89
80
77
90
85
83
78
68
72
80
71
66
69
70
90
79
77
78
85
73
82
65
66
69
79
66
65
69
90
89
68
84
84
90
70
68
80
71
73
71
81
77
85
65
65
85
79
83
71
74
87
78
88
85
78
70
72
90
70
69
74
71
78
65
75
80
82
82
79
81
90
76
85
73
75
76
74
84
75
73
86
87
78
90
65
90
84
65
83
76
70
71
82
88
72
80
86
69
87
88
87
79
69
77
78
75
67
